系数列表
     X=1            Xp0            Xp2            Xp5            Xp10           Xp20           Xp30           Xp40           Xp50           Xp60           Xp70           Xp80           Xp90           Xp97           Xp100          

Yp0  121.8686541263 11.2505190005  -8.8245772974  2.8285583143   1.3587054358   -2.4662288660  0              0              0              0              0              0              0              0              0              

Yp5  145.5141150784 -10.1416545659 7.6207564821   0.2189798760   2.9574958296   -3.7939621755  0              0              0              0              0              0              0              0              0              

Yp10 134.5571472421 0              -11.2736190932 8.0167460657   0.3916785668   2.7856191419   -3.4241626960  0              0              0              0              0              0              0              0              

Yp20 81.4056880437  0              0              -8.3208452829  5.5542942164   0.3488173954   1.4056136221   -1.3222852888  0              0              0              0              0              0              0              

Yp30 82.7733413056  0              0              0              -8.1923547683  5.4840879351   0.2413179654   1.9625718497   -1.6507956025  0              0              0              0              0              0              

Yp40 63.0587438494  0              0              0              0              -7.2677930703  4.4859419425   0.3876915509   1.9567518266   -1.2257029023  0              0              0              0              0              

Yp50 113.6758649349 0              0              0              0              0              -10.9745778977 6.0926703697   1.0315211262   2.7899991599   -2.3703664811  0              0              0              0              

Yp60 19.8184728958  0              0              0              0              0              0              -5.3782895121  2.1381445511   0.7058428235   2.0097080384   -0.1930927718  0              0              0              

Yp70 -85.6183126457 0              0              0              0              0              0              0              0.9391897572   -3.0538622166  0.7362599451   0.4279817117   2.9723068897   0              0              

Yp80 34.4490268230  0              0              0              0              0              0              0              0              -6.7613490443  2.1640226545   1.2084618340   5.1388285550   -2.4667988667  0              

Yp90 101.0282697491 0              0              0              0              0              0              0              0              0              -9.5266821054  2.9814479239   1.7214008857   7.0906003622   -4.4009276031  

Yp100204.4842223860 0              0              0              0              0              0              0              0              0              -14.7918831666 6.3434893722   2.1459385839   12.5786903147  -9.8828255311  
